data.0:
766
6 9 2 5 1 3 4 7 8 10 
data.1:
799
6 9 2 11 5 1 3 7 4 8 10 
data.2:
742
6 9 2 11 5 1 3 12 7 4 8 10 
data.3:
688
6 9 5 2 11 1 3 12 4 7 8 10 13 
data.4:
497
6 9 5 1 2 3 11 12 4 7 8 10 13 14 
data.5:
440
6 9 5 1 2 3 11 4 12 7 8 10 13 14 15 
data.6:
423
6 9 5 1 2 3 11 4 7 12 8 10 13 14 15 16 
data.7:
417
6 9 5 1 2 3 11 4 7 12 8 10 13 14 15 16 17 
data.8:
405
6 9 5 1 2 3 11 18 4 7 12 8 10 13 14 15 16 17 
data.9:
393
6 9 5 1 2 3 4 11 18 7 8 12 10 13 14 15 16 19 17 
data.10:
897
6 20 9 5 1 2 3 11 18 4 7 12 8 10 13 14 19 15 16 17 
